# lambda elam
3600.000000 0.127553
3606.206206 0.129567
3612.412412 0.131570
3618.618619 0.133564
3624.824825 0.135549
3631.031031 0.137525
3637.237237 0.139491
3643.443443 0.141448
3649.649650 0.143396
3655.855856 0.145334
3662.062062 0.147263
3668.268268 0.149183
3674.474474 0.151094
3680.680681 0.152995
3686.886887 0.154888
3693.093093 0.156771
3699.299299 0.158645
3705.505506 0.160510
3711.711712 0.162366
3717.917918 0.164213
3724.124124 0.166051
3730.330330 0.167880
3736.536537 0.169700
3742.742743 0.171511
3748.948949 0.173313
3755.155155 0.175106
3761.361361 0.176890
3767.567568 0.178665
3773.773774 0.180432
3779.979980 0.182189
3786.186186 0.183938
3792.392392 0.185678
3798.598599 0.187410
3804.804805 0.189132
3811.011011 0.190846
3817.217217 0.192551
3823.423423 0.194248
3829.629630 0.195936
3835.835836 0.197615
3842.042042 0.199285
3848.248248 0.200947
3854.454454 0.202601
3860.660661 0.204246
3866.866867 0.205882
3873.073073 0.207510
3879.279279 0.209129
3885.485485 0.210740
3891.691692 0.212343
3897.897898 0.213937
3904.104104 0.215523
3910.310310 0.217100
3916.516517 0.218669
3922.722723 0.220230
3928.928929 0.221782
3935.135135 0.223326
3941.341341 0.224862
3947.547548 0.226390
3953.753754 0.227909
3959.959960 0.229420
3966.166166 0.230923
3972.372372 0.232418
3978.578579 0.233905
3984.784785 0.235383
3990.990991 0.236854
3997.197197 0.238316
4003.403403 0.239771
4009.609610 0.241217
4015.815816 0.242656
4022.022022 0.244086
4028.228228 0.245508
4034.434434 0.246923
4040.640641 0.248330
4046.846847 0.249728
4053.053053 0.251119
4059.259259 0.252502
4065.465465 0.253878
4071.671672 0.255245
4077.877878 0.256605
4084.084084 0.257956
4090.290290 0.259301
4096.496496 0.260637
4102.702703 0.261966
4108.908909 0.263287
4115.115115 0.264600
4121.321321 0.265906
4127.527528 0.267204
4133.733734 0.268495
4139.939940 0.269778
4146.146146 0.271053
4152.352352 0.272321
4158.558559 0.273582
4164.764765 0.274835
4170.970971 0.276080
4177.177177 0.277319
4183.383383 0.278549
4189.589590 0.279773
4195.795796 0.280989
4202.002002 0.282197
4208.208208 0.283398
4214.414414 0.284592
4220.620621 0.285779
4226.826827 0.286959
4233.033033 0.288131
4239.239239 0.289296
4245.445445 0.290454
4251.651652 0.291604
4257.857858 0.292748
4264.064064 0.293884
4270.270270 0.295014
4276.476476 0.296136
4282.682683 0.297251
4288.888889 0.298359
4295.095095 0.299460
4301.301301 0.300554
4307.507508 0.301642
4313.713714 0.302722
4319.919920 0.303795
4326.126126 0.304861
4332.332332 0.305921
4338.538539 0.306973
4344.744745 0.308019
4350.950951 0.309058
4357.157157 0.310090
4363.363363 0.311116
4369.569570 0.312134
4375.775776 0.313146
4381.981982 0.314151
4388.188188 0.315150
4394.394394 0.316142
4400.600601 0.317127
4406.806807 0.318105
4413.013013 0.319077
4419.219219 0.320043
4425.425425 0.321001
4431.631632 0.321954
4437.837838 0.322899
4444.044044 0.323839
4450.250250 0.324772
4456.456456 0.325698
4462.662663 0.326618
4468.868869 0.327531
4475.075075 0.328439
4481.281281 0.329339
4487.487487 0.330234
4493.693694 0.331122
4499.899900 0.332004
4506.106106 0.332879
4512.312312 0.333749
4518.518519 0.334612
4524.724725 0.335468
4530.930931 0.336319
4537.137137 0.337164
4543.343343 0.338002
4549.549550 0.338834
4555.755756 0.339660
4561.961962 0.340481
4568.168168 0.341295
4574.374374 0.342103
4580.580581 0.342904
4586.786787 0.343700
4592.992993 0.344491
4599.199199 0.345275
4605.405405 0.346053
4611.611612 0.346825
4617.817818 0.347591
4624.024024 0.348352
4630.230230 0.349106
4636.436436 0.349855
4642.642643 0.350598
4648.848849 0.351336
4655.055055 0.352067
4661.261261 0.352793
4667.467467 0.353513
4673.673674 0.354228
4679.879880 0.354936
4686.086086 0.355639
4692.292292 0.356337
4698.498498 0.357029
4704.704705 0.357715
4710.910911 0.358396
4717.117117 0.359071
4723.323323 0.359741
4729.529530 0.360405
4735.735736 0.361064
4741.941942 0.361717
4748.148148 0.362365
4754.354354 0.363008
4760.560561 0.363645
4766.766767 0.364277
4772.972973 0.364903
4779.179179 0.365524
4785.385385 0.366140
4791.591592 0.366750
4797.797798 0.367356
4804.004004 0.367956
4810.210210 0.368551
4816.416416 0.369140
4822.622623 0.369725
4828.828829 0.370304
4835.035035 0.370879
4841.241241 0.371448
4847.447447 0.372012
4853.653654 0.372571
4859.859860 0.373125
4866.066066 0.373674
4872.272272 0.374218
4878.478478 0.374757
4884.684685 0.375291
4890.890891 0.375821
4897.097097 0.376345
4903.303303 0.376864
4909.509510 0.377379
4915.715716 0.377889
4921.921922 0.378394
4928.128128 0.378894
4934.334334 0.379389
4940.540541 0.379880
4946.746747 0.380366
4952.952953 0.380847
4959.159159 0.381323
4965.365365 0.381795
4971.571572 0.382263
4977.777778 0.382725
4983.983984 0.383183
4990.190190 0.383637
4996.396396 0.384086
5002.602603 0.384530
5008.808809 0.384970
5015.015015 0.385405
5021.221221 0.385836
5027.427427 0.386263
5033.633634 0.386685
5039.839840 0.387102
5046.046046 0.387516
5052.252252 0.387925
5058.458458 0.388329
5064.664665 0.388730
5070.870871 0.389126
5077.077077 0.389517
5083.283283 0.389905
5089.489489 0.390288
5095.695696 0.390667
5101.901902 0.391042
5108.108108 0.391413
5114.314314 0.391779
5120.520521 0.392142
5126.726727 0.392500
5132.932933 0.392855
5139.139139 0.393205
5145.345345 0.393551
5151.551552 0.393894
5157.757758 0.394232
5163.963964 0.394566
5170.170170 0.394897
5176.376376 0.395223
5182.582583 0.395546
5188.788789 0.395864
5194.994995 0.396179
5201.201201 0.396490
5207.407407 0.396797
5213.613614 0.397101
5219.819820 0.397400
5226.026026 0.397696
5232.232232 0.397989
5238.438438 0.398277
5244.644645 0.398562
5250.850851 0.398843
5257.057057 0.399121
5263.263263 0.399395
5269.469469 0.399665
5275.675676 0.399932
5281.881882 0.400195
5288.088088 0.400455
5294.294294 0.400711
5300.500501 0.400963
5306.706707 0.401213
5312.912913 0.401459
5319.119119 0.401701
5325.325325 0.401940
5331.531532 0.402176
5337.737738 0.402408
5343.943944 0.402637
5350.150150 0.402863
5356.356356 0.403085
5362.562563 0.403304
5368.768769 0.403520
5374.974975 0.403733
5381.181181 0.403942
5387.387387 0.404148
5393.593594 0.404351
5399.799800 0.404551
5406.006006 0.404748
5412.212212 0.404942
5418.418418 0.405133
5424.624625 0.405321
5430.830831 0.405505
5437.037037 0.405687
5443.243243 0.405866
5449.449449 0.406041
5455.655656 0.406214
5461.861862 0.406384
5468.068068 0.406551
5474.274274 0.406715
5480.480480 0.406877
5486.686687 0.407035
5492.892893 0.407191
5499.099099 0.407344
5505.305305 0.407494
5511.511512 0.407641
5517.717718 0.407786
5523.923924 0.407928
5530.130130 0.408067
5536.336336 0.408204
5542.542543 0.408338
5548.748749 0.408469
5554.954955 0.408598
5561.161161 0.408724
5567.367367 0.408848
5573.573574 0.408969
5579.779780 0.409088
5585.985986 0.409204
5592.192192 0.409318
5598.398398 0.409429
5604.604605 0.409538
5610.810811 0.409645
5617.017017 0.409749
5623.223223 0.409851
5629.429429 0.409950
5635.635636 0.410047
5641.841842 0.410142
5648.048048 0.410235
5654.254254 0.410325
5660.460460 0.410414
5666.666667 0.410500
5672.872873 0.410583
5679.079079 0.410665
5685.285285 0.410745
5691.491491 0.410822
5697.697698 0.410898
5703.903904 0.410971
5710.110110 0.411042
5716.316316 0.411112
5722.522523 0.411179
5728.728729 0.411244
5734.934935 0.411307
5741.141141 0.411369
5747.347347 0.411428
5753.553554 0.411486
5759.759760 0.411542
5765.965966 0.411596
5772.172172 0.411648
5778.378378 0.411698
5784.584585 0.411747
5790.790791 0.411793
5796.996997 0.411838
5803.203203 0.411882
5809.409409 0.411923
5815.615616 0.411963
5821.821822 0.412002
5828.028028 0.412038
5834.234234 0.412073
5840.440440 0.412107
5846.646647 0.412139
5852.852853 0.412169
5859.059059 0.412198
5865.265265 0.412225
5871.471471 0.412251
5877.677678 0.412276
5883.883884 0.412299
5890.090090 0.412321
5896.296296 0.412341
5902.502503 0.412360
5908.708709 0.412377
5914.914915 0.412393
5921.121121 0.412408
5927.327327 0.412422
5933.533534 0.412434
5939.739740 0.412446
5945.945946 0.412456
5952.152152 0.412464
5958.358358 0.412472
5964.564565 0.412478
5970.770771 0.412484
5976.976977 0.412488
5983.183183 0.412491
5989.389389 0.412493
5995.595596 0.412494
6001.801802 0.412494
6008.008008 0.412493
6014.214214 0.412491
6020.420420 0.412489
6026.626627 0.412485
6032.832833 0.412480
6039.039039 0.412474
6045.245245 0.412468
6051.451451 0.412461
6057.657658 0.412453
6063.863864 0.412444
6070.070070 0.412434
6076.276276 0.412424
6082.482482 0.412413
6088.688689 0.412401
6094.894895 0.412388
6101.101101 0.412375
6107.307307 0.412361
6113.513514 0.412347
6119.719720 0.412332
6125.925926 0.412316
6132.132132 0.412300
6138.338338 0.412283
6144.544545 0.412266
6150.750751 0.412248
6156.956957 0.412230
6163.163163 0.412211
6169.369369 0.412192
6175.575576 0.412172
6181.781782 0.412153
6187.987988 0.412132
6194.194194 0.412112
6200.400400 0.412091
6206.606607 0.412070
6212.812813 0.412048
6219.019019 0.412027
6225.225225 0.412005
6231.431431 0.411983
6237.637638 0.411960
6243.843844 0.411938
6250.050050 0.411915
6256.256256 0.411893
6262.462462 0.411870
6268.668669 0.411847
6274.874875 0.411824
6281.081081 0.411801
6287.287287 0.411778
6293.493493 0.411755
6299.699700 0.411732
6305.905906 0.411709
6312.112112 0.411686
6318.318318 0.411663
6324.524525 0.411641
6330.730731 0.411618
6336.936937 0.411596
6343.143143 0.411574
6349.349349 0.411552
6355.555556 0.411530
6361.761762 0.411509
6367.967968 0.411488
6374.174174 0.411467
6380.380380 0.411446
6386.586587 0.411426
6392.792793 0.411406
6398.998999 0.411387
6405.205205 0.411368
6411.411411 0.411349
6417.617618 0.411331
6423.823824 0.411313
6430.030030 0.411296
6436.236236 0.411280
6442.442442 0.411263
6448.648649 0.411248
6454.854855 0.411233
6461.061061 0.411218
6467.267267 0.411205
6473.473473 0.411191
6479.679680 0.411179
6485.885886 0.411167
6492.092092 0.411156
6498.298298 0.411146
6504.504505 0.411136
6510.710711 0.411127
6516.916917 0.411119
6523.123123 0.411112
6529.329329 0.411105
6535.535536 0.411099
6541.741742 0.411094
6547.947948 0.411090
6554.154154 0.411086
6560.360360 0.411083
6566.566567 0.411080
6572.772773 0.411079
6578.978979 0.411078
6585.185185 0.411077
6591.391391 0.411078
6597.597598 0.411079
6603.803804 0.411080
6610.010010 0.411083
6616.216216 0.411086
6622.422422 0.411089
6628.628629 0.411093
6634.834835 0.411098
6641.041041 0.411103
6647.247247 0.411109
6653.453453 0.411116
6659.659660 0.411123
6665.865866 0.411131
6672.072072 0.411139
6678.278278 0.411148
6684.484484 0.411157
6690.690691 0.411167
6696.896897 0.411178
6703.103103 0.411189
6709.309309 0.411200
6715.515516 0.411213
6721.721722 0.411225
6727.927928 0.411238
6734.134134 0.411252
6740.340340 0.411266
6746.546547 0.411281
6752.752753 0.411296
6758.958959 0.411311
6765.165165 0.411327
6771.371371 0.411344
6777.577578 0.411361
6783.783784 0.411378
6789.989990 0.411396
6796.196196 0.411414
6802.402402 0.411433
6808.608609 0.411452
6814.814815 0.411471
6821.021021 0.411491
6827.227227 0.411511
6833.433433 0.411532
6839.639640 0.411553
6845.845846 0.411575
6852.052052 0.411596
6858.258258 0.411619
6864.464464 0.411641
6870.670671 0.411664
6876.876877 0.411687
6883.083083 0.411711
6889.289289 0.411734
6895.495495 0.411759
6901.701702 0.411783
6907.907908 0.411808
6914.114114 0.411833
6920.320320 0.411858
6926.526527 0.411884
6932.732733 0.411910
6938.938939 0.411936
6945.145145 0.411962
6951.351351 0.411989
6957.557558 0.412016
6963.763764 0.412043
6969.969970 0.412071
6976.176176 0.412098
6982.382382 0.412126
6988.588589 0.412154
6994.794795 0.412182
7001.001001 0.412211
7007.207207 0.412239
7013.413413 0.412268
7019.619620 0.412297
7025.825826 0.412326
7032.032032 0.412356
7038.238238 0.412385
7044.444444 0.412415
7050.650651 0.412445
7056.856857 0.412475
7063.063063 0.412505
7069.269269 0.412535
7075.475475 0.412565
7081.681682 0.412595
7087.887888 0.412626
7094.094094 0.412656
7100.300300 0.412687
7106.506507 0.412718
7112.712713 0.412749
7118.918919 0.412779
7125.125125 0.412810
7131.331331 0.412841
7137.537538 0.412872
7143.743744 0.412903
7149.949950 0.412934
7156.156156 0.412966
7162.362362 0.412997
7168.568569 0.413028
7174.774775 0.413059
7180.980981 0.413090
7187.187187 0.413121
7193.393393 0.413152
7199.599600 0.413183
7205.805806 0.413214
7212.012012 0.413245
7218.218218 0.413276
7224.424424 0.413307
7230.630631 0.413337
7236.836837 0.413368
7243.043043 0.413399
7249.249249 0.413429
7255.455455 0.413460
7261.661662 0.413490
7267.867868 0.413520
7274.074074 0.413550
7280.280280 0.413580
7286.486486 0.413610
7292.692693 0.413640
7298.898899 0.413670
7305.105105 0.413699
7311.311311 0.413728
7317.517518 0.413757
7323.723724 0.413786
7329.929930 0.413815
7336.136136 0.413844
7342.342342 0.413872
7348.548549 0.413900
7354.754755 0.413928
7360.960961 0.413956
7367.167167 0.413984
7373.373373 0.414011
7379.579580 0.414038
7385.785786 0.414065
7391.991992 0.414092
7398.198198 0.414118
7404.404404 0.414144
7410.610611 0.414170
7416.816817 0.414195
7423.023023 0.414221
7429.229229 0.414246
7435.435435 0.414270
7441.641642 0.414295
7447.847848 0.414319
7454.054054 0.414342
7460.260260 0.414366
7466.466466 0.414389
7472.672673 0.414412
7478.878879 0.414434
7485.085085 0.414456
7491.291291 0.414478
7497.497497 0.414499
7503.703704 0.414520
7509.909910 0.414541
7516.116116 0.414561
7522.322322 0.414580
7528.528529 0.414600
7534.734735 0.414619
7540.940941 0.414637
7547.147147 0.414655
7553.353353 0.414673
7559.559560 0.414690
7565.765766 0.414707
7571.971972 0.414723
7578.178178 0.414739
7584.384384 0.414755
7590.590591 0.414770
7596.796797 0.414784
7603.003003 0.414798
7609.209209 0.414811
7615.415415 0.414824
7621.621622 0.414837
7627.827828 0.414849
7634.034034 0.414860
7640.240240 0.414871
7646.446446 0.414881
7652.652653 0.414891
7658.858859 0.414900
7665.065065 0.414909
7671.271271 0.414917
7677.477477 0.414925
7683.683684 0.414932
7689.889890 0.414938
7696.096096 0.414944
7702.302302 0.414949
7708.508509 0.414954
7714.714715 0.414958
7720.920921 0.414961
7727.127127 0.414964
7733.333333 0.414966
7739.539540 0.414967
7745.745746 0.414968
7751.951952 0.414968
7758.158158 0.414968
7764.364364 0.414966
7770.570571 0.414964
7776.776777 0.414962
7782.982983 0.414959
7789.189189 0.414955
7795.395395 0.414950
7801.601602 0.414944
7807.807808 0.414938
7814.014014 0.414931
7820.220220 0.414924
7826.426426 0.414916
7832.632633 0.414906
7838.838839 0.414897
7845.045045 0.414886
7851.251251 0.414875
7857.457457 0.414862
7863.663664 0.414850
7869.869870 0.414836
7876.076076 0.414821
7882.282282 0.414806
7888.488488 0.414790
7894.694695 0.414773
7900.900901 0.414755
7907.107107 0.414736
7913.313313 0.414717
7919.519520 0.414697
7925.725726 0.414675
7931.931932 0.414653
7938.138138 0.414630
7944.344344 0.414607
7950.550551 0.414582
7956.756757 0.414556
7962.962963 0.414530
7969.169169 0.414503
7975.375375 0.414474
7981.581582 0.414445
7987.787788 0.414415
7993.993994 0.414384
8000.200200 0.414352
8006.406406 0.414319
8012.612613 0.414285
8018.818819 0.414250
8025.025025 0.414214
8031.231231 0.414178
8037.437437 0.414140
8043.643644 0.414101
8049.849850 0.414061
8056.056056 0.414020
8062.262262 0.413979
8068.468468 0.413936
8074.674675 0.413892
8080.880881 0.413847
8087.087087 0.413801
8093.293293 0.413754
8099.499499 0.413706
8105.705706 0.413657
8111.911912 0.413607
8118.118118 0.413556
8124.324324 0.413503
8130.530531 0.413450
8136.736737 0.413395
8142.942943 0.413340
8149.149149 0.413283
8155.355355 0.413225
8161.561562 0.413166
8167.767768 0.413106
8173.973974 0.413045
8180.180180 0.412983
8186.386386 0.412919
8192.592593 0.412855
8198.798799 0.412789
8205.005005 0.412722
8211.211211 0.412654
8217.417417 0.412584
8223.623624 0.412514
8229.829830 0.412442
8236.036036 0.412369
8242.242242 0.412295
8248.448448 0.412219
8254.654655 0.412143
8260.860861 0.412065
8267.067067 0.411986
8273.273273 0.411905
8279.479479 0.411824
8285.685686 0.411741
8291.891892 0.411656
8298.098098 0.411571
8304.304304 0.411484
8310.510511 0.411396
8316.716717 0.411307
8322.922923 0.411216
8329.129129 0.411124
8335.335335 0.411031
8341.541542 0.410936
8347.747748 0.410840
8353.953954 0.410743
8360.160160 0.410644
8366.366366 0.410544
8372.572573 0.410443
8378.778779 0.410340
8384.984985 0.410236
8391.191191 0.410131
8397.397397 0.410024
8403.603604 0.409915
8409.809810 0.409806
8416.016016 0.409695
8422.222222 0.409582
8428.428428 0.409468
8434.634635 0.409353
8440.840841 0.409236
8447.047047 0.409118
8453.253253 0.408998
8459.459459 0.408877
8465.665666 0.408754
8471.871872 0.408630
8478.078078 0.408504
8484.284284 0.408377
8490.490490 0.408248
8496.696697 0.408118
8502.902903 0.407986
8509.109109 0.407853
8515.315315 0.407719
8521.521522 0.407582
8527.727728 0.407445
8533.933934 0.407305
8540.140140 0.407164
8546.346346 0.407022
8552.552553 0.406878
8558.758759 0.406732
8564.964965 0.406585
8571.171171 0.406436
8577.377377 0.406286
8583.583584 0.406134
8589.789790 0.405980
8595.995996 0.405825
8602.202202 0.405668
8608.408408 0.405510
8614.614615 0.405350
8620.820821 0.405188
8627.027027 0.405025
8633.233233 0.404860
8639.439439 0.404693
8645.645646 0.404524
8651.851852 0.404354
8658.058058 0.404183
8664.264264 0.404009
8670.470470 0.403834
8676.676677 0.403657
8682.882883 0.403478
8689.089089 0.403298
8695.295295 0.403116
8701.501502 0.402932
8707.707708 0.402747
8713.913914 0.402559
8720.120120 0.402370
8726.326326 0.402179
8732.532533 0.401987
8738.738739 0.401792
8744.944945 0.401596
8751.151151 0.401398
8757.357357 0.401198
8763.563564 0.400997
8769.769770 0.400794
8775.975976 0.400588
8782.182182 0.400381
8788.388388 0.400172
8794.594595 0.399962
8800.800801 0.399749
8807.007007 0.399535
8813.213213 0.399318
8819.419419 0.399100
8825.625626 0.398880
8831.831832 0.398658
8838.038038 0.398434
8844.244244 0.398208
8850.450450 0.397981
8856.656657 0.397751
8862.862863 0.397520
8869.069069 0.397286
8875.275275 0.397051
8881.481481 0.396814
8887.687688 0.396574
8893.893894 0.396333
8900.100100 0.396090
8906.306306 0.395845
8912.512513 0.395598
8918.718719 0.395349
8924.924925 0.395097
8931.131131 0.394844
8937.337337 0.394589
8943.543544 0.394332
8949.749750 0.394073
8955.955956 0.393812
8962.162162 0.393548
8968.368368 0.393283
8974.574575 0.393016
8980.780781 0.392747
8986.986987 0.392475
8993.193193 0.392202
8999.399399 0.391926
9005.605606 0.391648
9011.811812 0.391369
9018.018018 0.391087
9024.224224 0.390803
9030.430430 0.390517
9036.636637 0.390228
9042.842843 0.389938
9049.049049 0.389646
9055.255255 0.389351
9061.461461 0.389054
9067.667668 0.388755
9073.873874 0.388454
9080.080080 0.388151
9086.286286 0.387846
9092.492492 0.387538
9098.698699 0.387228
9104.904905 0.386916
9111.111111 0.386602
9117.317317 0.386286
9123.523524 0.385967
9129.729730 0.385646
9135.935936 0.385323
9142.142142 0.384998
9148.348348 0.384670
9154.554555 0.384340
9160.760761 0.384008
9166.966967 0.383674
9173.173173 0.383337
9179.379379 0.382998
9185.585586 0.382657
9191.791792 0.382314
9197.997998 0.381968
9204.204204 0.381620
9210.410410 0.381269
9216.616617 0.380916
9222.822823 0.380561
9229.029029 0.380204
9235.235235 0.379844
9241.441441 0.379482
9247.647648 0.379118
9253.853854 0.378751
9260.060060 0.378381
9266.266266 0.378010
9272.472472 0.377636
9278.678679 0.377259
9284.884885 0.376881
9291.091091 0.376499
9297.297297 0.376116
9303.503504 0.375730
9309.709710 0.375341
9315.915916 0.374950
9322.122122 0.374557
9328.328328 0.374161
9334.534535 0.373763
9340.740741 0.373362
9346.946947 0.372959
9353.153153 0.372553
9359.359359 0.372145
9365.565566 0.371734
9371.771772 0.371321
9377.977978 0.370905
9384.184184 0.370487
9390.390390 0.370066
9396.596597 0.369643
9402.802803 0.369217
9409.009009 0.368789
9415.215215 0.368358
9421.421421 0.367924
9427.627628 0.367488
9433.833834 0.367050
9440.040040 0.366609
9446.246246 0.366165
9452.452452 0.365718
9458.658659 0.365269
9464.864865 0.364818
9471.071071 0.364364
9477.277277 0.363907
9483.483483 0.363447
9489.689690 0.362985
9495.895896 0.362521
9502.102102 0.362053
9508.308308 0.361583
9514.514515 0.361111
9520.720721 0.360635
9526.926927 0.360157
9533.133133 0.359676
9539.339339 0.359193
9545.545546 0.358707
9551.751752 0.358218
9557.957958 0.357727
9564.164164 0.357232
9570.370370 0.356735
9576.576577 0.356236
9582.782783 0.355733
9588.988989 0.355228
9595.195195 0.354720
9601.401401 0.354209
9607.607608 0.353696
9613.813814 0.353179
9620.020020 0.352660
9626.226226 0.352138
9632.432432 0.351614
9638.638639 0.351086
9644.844845 0.350556
9651.051051 0.350023
9657.257257 0.349487
9663.463463 0.348948
9669.669670 0.348407
9675.875876 0.347862
9682.082082 0.347315
9688.288288 0.346765
9694.494494 0.346212
9700.700701 0.345656
9706.906907 0.345097
9713.113113 0.344535
9719.319319 0.343971
9725.525526 0.343403
9731.731732 0.342833
9737.937938 0.342260
9744.144144 0.341683
9750.350350 0.341104
9756.556557 0.340522
9762.762763 0.339937
9768.968969 0.339349
9775.175175 0.338758
9781.381381 0.338164
9787.587588 0.337567
9793.793794 0.336967
9800.000000 0.336364
