ap_id	lambda	zero_point
  157     3900      13.92
  157     3902      13.98
  157     3904      15.60
  157     3906      16.49
  157     3908      16.84
  157     3910      17.17
  157     3912      17.43
  157     3914      17.61
  157     3916      17.76
  157     3918      17.84
  157     3920      17.90
  157     3922      17.87
  157     3924      17.83
  157     3926      17.83
  157     3928      17.76
  157     3930      17.66
  157     3932      17.49
  157     3934      17.02
  157     3936      14.63
  156     3926      14.70
  156     3928      15.78
  156     3930      16.42
  156     3932      16.80
  156     3934      17.12
  156     3936      17.37
  156     3938      17.64
  156     3940      17.83
  156     3942      17.96
  156     3944      18.06
  156     3946      18.12
  156     3948      18.12
  156     3950      18.13
  156     3952      18.05
  156     3954      17.97
  156     3956      17.84
  156     3958      17.66
  156     3960      17.39
  156     3962      16.02
  155     3952      15.61
  155     3954      16.29
  155     3956      16.71
  155     3958      17.06
  155     3960      17.38
  155     3962      17.62
  155     3964      17.78
  155     3966      17.90
  155     3968      17.92
  155     3970      17.84
  155     3972      18.05
  155     3974      18.13
  155     3976      18.15
  155     3978      18.10
  155     3980      18.01
  155     3982      17.85
  155     3984      17.68
  155     3986      17.44
  155     3988      16.82
  154     3978      15.93
  154     3980      16.39
  154     3982      16.79
  154     3984      17.14
  154     3986      17.45
  154     3988      17.69
  154     3990      17.89
  154     3992      18.04
  154     3994      18.15
  154     3996      18.22
  154     3998      18.25
  154     4000      18.26
  154     4002      18.24
  154     4004      18.14
  154     4006      18.06
  154     4008      17.94
  154     4010      17.75
  154     4012      17.53
  154     4014      17.25
  153     4002      15.39
  153     4004      15.95
  153     4006      16.44
  153     4008      16.83
  153     4010      17.18
  153     4012      17.50
  153     4014      17.74
  153     4016      17.92
  153     4018      18.07
  153     4020      18.16
  153     4022      18.22
  153     4024      18.19
  153     4026      18.09
  153     4028      18.20
  153     4030      18.20
  153     4032      18.14
  153     4034      18.04
  153     4036      17.87
  153     4038      17.68
  153     4040      17.43
  152     4028      15.36
  152     4030      15.92
  152     4032      16.38
  152     4034      16.81
  152     4036      17.17
  152     4038      17.50
  152     4040      17.76
  152     4042      17.96
  152     4044      18.12
  152     4046      18.24
  152     4048      18.33
  152     4050      18.38
  152     4052      18.40
  152     4054      18.40
  152     4056      18.35
  152     4058      18.22
  152     4060      18.17
  152     4062      18.02
  152     4064      17.83
  152     4066      17.62
  152     4068      17.36
  151     4056      15.82
  151     4058      16.24
  151     4060      16.73
  151     4062      17.12
  151     4064      17.44
  151     4066      17.72
  151     4068      17.93
  151     4070      18.11
  151     4072      18.26
  151     4074      18.34
  151     4076      18.41
  151     4078      18.46
  151     4080      18.47
  151     4082      18.43
  151     4084      18.39
  151     4086      18.31
  151     4088      18.17
  151     4090      18.01
  151     4092      17.80
  151     4094      17.57
  150     4084      16.08
  150     4086      16.54
  150     4088      16.96
  150     4090      17.30
  150     4092      17.60
  150     4094      17.83
  150     4096      17.99
  150     4098      18.01
  150     4100      18.08
  150     4102      18.08
  150     4104      18.29
  150     4106      18.46
  150     4108      18.50
  150     4110      18.51
  150     4112      18.45
  150     4114      18.36
  150     4116      18.24
  150     4118      18.06
  150     4120      17.85
  150     4122      17.62
  149     4110      15.76
  149     4112      16.28
  149     4114      16.72
  149     4116      17.11
  149     4118      17.45
  149     4120      17.71
  149     4122      17.94
  149     4124      18.13
  149     4126      18.27
  149     4128      18.37
  149     4130      18.46
  149     4132      18.50
  149     4134      18.52
  149     4136      18.51
  149     4138      18.48
  149     4140      18.42
  149     4142      18.32
  149     4144      18.18
  149     4146      18.03
  149     4148      17.85
  149     4150      17.62
  148     4138      15.79
  148     4140      16.27
  148     4142      16.69
  148     4144      17.08
  148     4146      17.41
  148     4148      17.69
  148     4150      17.92
  148     4152      18.10
  148     4154      18.24
  148     4156      18.36
  148     4158      18.44
  148     4160      18.50
  148     4162      18.52
  148     4164      18.53
  148     4166      18.50
  148     4168      18.44
  148     4170      18.36
  148     4172      18.25
  148     4174      18.10
  148     4176      17.92
  148     4178      17.71
  147     4168      16.22
  147     4170      16.65
  147     4172      17.05
  147     4174      17.36
  147     4176      17.66
  147     4178      17.88
  147     4180      18.07
  147     4182      18.22
  147     4184      18.34
  147     4186      18.42
  147     4188      18.49
  147     4190      18.51
  147     4192      18.51
  147     4194      18.48
  147     4196      18.40
  147     4198      18.24
  147     4200      18.05
  147     4202      18.01
  147     4204      17.92
  147     4206      17.77
  147     4208      17.55
  146     4196      16.04
  146     4198      16.39
  146     4200      16.69
  146     4202      17.12
  146     4204      17.48
  146     4206      17.75
  146     4208      17.97
  146     4210      18.14
  146     4212      18.26
  146     4214      18.40
  146     4216      18.46
  146     4218      18.52
  146     4220      18.54
  146     4222      18.53
  146     4224      18.49
  146     4226      18.45
  146     4228      18.36
  146     4230      18.26
  146     4232      18.11
  146     4234      17.94
  146     4236      17.73
  145     4224      15.87
  145     4226      16.32
  145     4228      16.73
  145     4230      17.10
  145     4232      17.43
  145     4234      17.67
  145     4236      17.89
  145     4238      18.08
  145     4240      18.23
  145     4242      18.35
  145     4244      18.44
  145     4246      18.51
  145     4248      18.54
  145     4250      18.57
  145     4252      18.55
  145     4254      18.50
  145     4256      18.45
  145     4258      18.36
  145     4260      18.25
  145     4262      18.11
  145     4264      17.93
  145     4266      17.72
  144     4254      16.01
  144     4256      16.48
  144     4258      16.87
  144     4260      17.22
  144     4262      17.51
  144     4264      17.76
  144     4266      17.96
  144     4268      18.14
  144     4270      18.28
  144     4272      18.39
  144     4274      18.47
  144     4276      18.54
  144     4278      18.58
  144     4280      18.59
  144     4282      18.57
  144     4284      18.54
  144     4286      18.48
  144     4288      18.38
  144     4290      18.25
  144     4292      18.11
  144     4294      17.96
  144     4296      17.75
  143     4284      16.08
  143     4286      16.53
  143     4288      16.92
  143     4290      17.26
  143     4292      17.54
  143     4294      17.79
  143     4296      18.00
  143     4298      18.17
  143     4300      18.31
  143     4302      18.42
  143     4304      18.51
  143     4306      18.57
  143     4308      18.61
  143     4310      18.63
  143     4312      18.61
  143     4314      18.58
  143     4316      18.53
  143     4318      18.45
  143     4320      18.34
  143     4322      18.20
  143     4324      18.06
  143     4326      17.86
  142     4314      16.10
  142     4316      16.54
  142     4318      16.93
  142     4320      17.28
  142     4322      17.56
  142     4324      17.80
  142     4326      18.03
  142     4328      18.20
  142     4330      18.34
  142     4332      18.45
  142     4334      18.51
  142     4336      18.52
  142     4338      18.41
  142     4340      18.32
  142     4342      18.46
  142     4344      18.57
  142     4346      18.56
  142     4348      18.50
  142     4350      18.41
  142     4352      18.29
  142     4354      18.14
  142     4356      17.96
  142     4358      17.74
  141     4346      16.41
  141     4348      16.83
  141     4350      17.19
  141     4352      17.48
  141     4354      17.74
  141     4356      17.95
  141     4358      18.13
  141     4360      18.28
  141     4362      18.41
  141     4364      18.51
  141     4366      18.59
  141     4368      18.64
  141     4370      18.68
  141     4372      18.68
  141     4374      18.67
  141     4376      18.63
  141     4378      18.54
  141     4380      18.45
  141     4382      18.36
  141     4384      18.24
  141     4386      18.07
  141     4388      17.85
  140     4378      16.62
  140     4380      16.97
  140     4382      17.32
  140     4384      17.59
  140     4386      17.82
  140     4388      17.98
  140     4390      18.19
  140     4392      18.33
  140     4394      18.46
  140     4396      18.55
  140     4398      18.62
  140     4400      18.67
  140     4402      18.69
  140     4404      18.70
  140     4406      18.68
  140     4408      18.63
  140     4410      18.57
  140     4412      18.48
  140     4414      18.37
  140     4416      18.23
  140     4418      18.08
  140     4420      17.88
  139     4408      16.33
  139     4410      16.72
  139     4412      17.08
  139     4414      17.37
  139     4416      17.64
  139     4418      17.86
  139     4420      18.07
  139     4422      18.24
  139     4424      18.37
  139     4426      18.48
  139     4428      18.57
  139     4430      18.65
  139     4432      18.69
  139     4434      18.71
  139     4436      18.72
  139     4438      18.69
  139     4440      18.65
  139     4442      18.58
  139     4444      18.50
  139     4446      18.39
  139     4448      18.27
  139     4450      18.11
  139     4452      17.93
  138     4442      16.72
  138     4444      17.07
  138     4446      17.36
  138     4448      17.62
  138     4450      17.85
  138     4452      18.06
  138     4454      18.22
  138     4456      18.34
  138     4458      18.46
  138     4460      18.57
  138     4462      18.63
  138     4464      18.69
  138     4466      18.71
  138     4468      18.72
  138     4470      18.65
  138     4472      18.48
  138     4474      18.59
  138     4476      18.53
  138     4478      18.43
  138     4480      18.29
  138     4482      18.14
  138     4484      17.99
  137     4474      16.59
  137     4476      16.98
  137     4478      17.26
  137     4480      17.52
  137     4482      17.75
  137     4484      17.97
  137     4486      18.16
  137     4488      18.29
  137     4490      18.42
  137     4492      18.52
  137     4494      18.61
  137     4496      18.66
  137     4498      18.69
  137     4500      18.72
  137     4502      18.71
  137     4504      18.68
  137     4506      18.64
  137     4508      18.57
  137     4510      18.47
  137     4512      18.36
  137     4514      18.23
  137     4516      18.08
  137     4518      17.89
  136     4506      16.40
  136     4508      16.79
  136     4510      17.09
  136     4512      17.37
  136     4514      17.62
  136     4516      17.84
  136     4518      18.03
  136     4520      18.22
  136     4522      18.34
  136     4524      18.45
  136     4526      18.55
  136     4528      18.62
  136     4530      18.65
  136     4532      18.69
  136     4534      18.67
  136     4536      18.66
  136     4538      18.56
  136     4540      18.40
  136     4542      18.23
  136     4544      18.31
  136     4546      18.28
  136     4548      18.17
  136     4550      18.04
  136     4552      17.87
  135     4540      16.30
  135     4542      16.54
  135     4544      17.00
  135     4546      17.36
  135     4548      17.64
  135     4550      17.87
  135     4552      18.06
  135     4554      18.22
  135     4556      18.35
  135     4558      18.46
  135     4560      18.55
  135     4562      18.63
  135     4564      18.68
  135     4566      18.70
  135     4568      18.72
  135     4570      18.70
  135     4572      18.68
  135     4574      18.62
  135     4576      18.55
  135     4578      18.47
  135     4580      18.35
  135     4582      18.23
  135     4584      18.06
  135     4586      17.89
  134     4574      16.51
  134     4576      16.85
  134     4578      17.16
  134     4580      17.43
  134     4582      17.67
  134     4584      17.88
  134     4586      18.07
  134     4588      18.23
  134     4590      18.36
  134     4592      18.46
  134     4594      18.56
  134     4596      18.63
  134     4598      18.69
  134     4600      18.72
  134     4602      18.73
  134     4604      18.72
  134     4606      18.69
  134     4608      18.65
  134     4610      18.57
  134     4612      18.51
  134     4614      18.41
  134     4616      18.29
  134     4618      18.15
  134     4620      17.97
  133     4610      16.79
  133     4612      17.11
  133     4614      17.38
  133     4616      17.63
  133     4618      17.86
  133     4620      18.04
  133     4622      18.20
  133     4624      18.35
  133     4626      18.47
  133     4628      18.56
  133     4630      18.63
  133     4632      18.69
  133     4634      18.77
  133     4636      18.78
  133     4638      18.77
  133     4640      18.77
  133     4642      18.72
  133     4644      18.68
  133     4646      18.60
  133     4648      18.52
  133     4650      18.41
  133     4652      18.28
  133     4654      18.11
  133     4656      17.95
  132     4644      16.66
  132     4646      16.99
  132     4648      17.29
  132     4650      17.55
  132     4652      17.78
  132     4654      17.97
  132     4656      18.15
  132     4658      18.31
  132     4660      18.44
  132     4662      18.55
  132     4664      18.64
  132     4666      18.71
  132     4668      18.75
  132     4670      18.79
  132     4672      18.79
  132     4674      18.79
  132     4676      18.76
  132     4678      18.72
  132     4680      18.64
  132     4682      18.52
  132     4684      18.30
  132     4686      18.00
  132     4688      18.12
  132     4690      18.04
  131     4680      16.72
  131     4682      17.00
  131     4684      17.16
  131     4686      17.23
  131     4688      17.68
  131     4690      17.95
  131     4692      18.17
  131     4694      18.33
  131     4696      18.46
  131     4698      18.57
  131     4700      18.66
  131     4702      18.74
  131     4704      18.78
  131     4706      18.81
  131     4708      18.82
  131     4710      18.82
  131     4712      18.79
  131     4714      18.73
  131     4716      18.71
  131     4718      18.64
  131     4720      18.55
  131     4722      18.44
  131     4724      18.30
  131     4726      18.14
  130     4716      16.77
  130     4718      17.10
  130     4720      17.36
  130     4722      17.62
  130     4724      17.84
  130     4726      18.04
  130     4728      18.20
  130     4730      18.35
  130     4732      18.48
  130     4734      18.58
  130     4736      18.67
  130     4738      18.75
  130     4740      18.79
  130     4742      18.83
  130     4744      18.85
  130     4746      18.85
  130     4748      18.84
  130     4750      18.80
  130     4752      18.76
  130     4754      18.69
  130     4756      18.60
  130     4758      18.50
  130     4760      18.37
  130     4762      18.22
  130     4764      18.06
  129     4754      17.01
  129     4756      17.30
  129     4758      17.55
  129     4760      17.77
  129     4762      17.98
  129     4764      18.16
  129     4766      18.31
  129     4768      18.45
  129     4770      18.56
  129     4772      18.66
  129     4774      18.73
  129     4776      18.79
  129     4778      18.84
  129     4780      18.86
  129     4782      18.87
  129     4784      18.87
  129     4786      18.84
  129     4788      18.82
  129     4790      18.75
  129     4792      18.68
  129     4794      18.59
  129     4796      18.48
  129     4798      18.35
  129     4800      18.21
  128     4790      16.85
  128     4792      17.14
  128     4794      17.41
  128     4796      17.65
  128     4798      17.86
  128     4800      18.06
  128     4802      18.21
  128     4804      18.38
  128     4806      18.49
  128     4808      18.61
  128     4810      18.70
  128     4812      18.77
  128     4814      18.82
  128     4816      18.86
  128     4818      18.88
  128     4820      18.90
  128     4822      18.89
  128     4824      18.87
  128     4826      18.83
  128     4828      18.77
  128     4830      18.70
  128     4832      18.61
  128     4834      18.49
  128     4836      18.36
  128     4838      18.22
  127     4830      17.17
  127     4832      17.44
  127     4834      17.67
  127     4836      17.88
  127     4838      18.07
  127     4840      18.24
  127     4842      18.39
  127     4844      18.52
  127     4846      18.63
  127     4848      18.71
  127     4850      18.78
  127     4852      18.83
  127     4854      18.85
  127     4856      18.82
  127     4858      18.71
  127     4860      18.56
  127     4862      18.57
  127     4864      18.76
  127     4866      18.78
  127     4868      18.73
  127     4870      18.65
  127     4872      18.56
  127     4874      18.43
  127     4876      18.29
  127     4878      18.13
  126     4868      17.13
  126     4870      17.41
  126     4872      17.65
  126     4874      17.85
  126     4876      18.04
  126     4878      18.21
  126     4880      18.35
  126     4882      18.48
  126     4884      18.58
  126     4886      18.67
  126     4888      18.74
  126     4890      18.80
  126     4892      18.84
  126     4894      18.88
  126     4896      18.90
  126     4898      18.90
  126     4900      18.90
  126     4902      18.87
  126     4904      18.81
  126     4906      18.76
  126     4908      18.67
  126     4910      18.59
  126     4912      18.47
  126     4914      18.35
  126     4916      18.20
  125     4906      16.97
  125     4908      17.24
  125     4910      17.48
  125     4912      17.71
  125     4914      17.91
  125     4916      18.08
  125     4918      18.24
  125     4920      18.36
  125     4922      18.43
  125     4924      18.59
  125     4926      18.68
  125     4928      18.75
  125     4930      18.81
  125     4932      18.85
  125     4934      18.88
  125     4936      18.89
  125     4938      18.90
  125     4940      18.88
  125     4942      18.85
  125     4944      18.80
  125     4946      18.73
  125     4948      18.65
  125     4950      18.56
  125     4952      18.45
  125     4954      18.32
  125     4956      18.18
  124     4946      16.99
  124     4948      17.27
  124     4950      17.50
  124     4952      17.71
  124     4954      17.91
  124     4956      18.08
  124     4958      18.25
  124     4960      18.37
  124     4962      18.49
  124     4964      18.59
  124     4966      18.68
  124     4968      18.75
  124     4970      18.80
  124     4972      18.85
  124     4974      18.87
  124     4976      18.89
  124     4978      18.89
  124     4980      18.89
  124     4982      18.85
  124     4984      18.79
  124     4986      18.74
  124     4988      18.66
  124     4990      18.58
  124     4992      18.47
  124     4994      18.34
  124     4996      18.21
  123     4988      17.22
  123     4990      17.46
  123     4992      17.67
  123     4994      17.87
  123     4996      18.04
  123     4998      18.21
  123     5000      18.34
  123     5002      18.46
  123     5004      18.57
  123     5006      18.66
  123     5008      18.73
  123     5010      18.79
  123     5012      18.84
  123     5014      18.87
  123     5016      18.84
  123     5018      18.91
  123     5020      18.91
  123     5022      18.87
  123     5024      18.83
  123     5026      18.78
  123     5028      18.71
  123     5030      18.64
  123     5032      18.53
  123     5034      18.43
  123     5036      18.29
  123     5038      18.15
  122     5028      17.10
  122     5030      17.36
  122     5032      17.59
  122     5034      17.79
  122     5036      17.97
  122     5038      18.13
  122     5040      18.28
  122     5042      18.41
  122     5044      18.52
  122     5046      18.62
  122     5048      18.70
  122     5050      18.78
  122     5052      18.83
  122     5054      18.88
  122     5056      18.90
  122     5058      18.91
  122     5060      18.93
  122     5062      18.92
  122     5064      18.89
  122     5066      18.85
  122     5068      18.79
  122     5070      18.72
  122     5072      18.64
  122     5074      18.54
  122     5076      18.43
  122     5078      18.30
  121     5070      17.17
  121     5072      17.42
  121     5074      17.65
  121     5076      17.84
  121     5078      18.02
  121     5080      18.18
  121     5082      18.32
  121     5084      18.45
  121     5086      18.56
  121     5088      18.66
  121     5090      18.75
  121     5092      18.81
  121     5094      18.87
  121     5096      18.91
  121     5098      18.94
  121     5100      18.96
  121     5102      18.98
  121     5104      18.96
  121     5106      18.93
  121     5108      18.89
  121     5110      18.84
  121     5112      18.78
  121     5114      18.69
  121     5116      18.59
  121     5118      18.49
  121     5120      18.36
  121     5122      18.23
  120     5114      17.42
  120     5116      17.65
  120     5118      17.84
  120     5120      18.02
  120     5122      18.19
  120     5124      18.33
  120     5126      18.46
  120     5128      18.58
  120     5130      18.67
  120     5132      18.76
  120     5134      18.84
  120     5136      18.89
  120     5138      18.93
  120     5140      18.97
  120     5142      19.00
  120     5144      19.01
  120     5146      19.00
  120     5148      18.98
  120     5150      18.95
  120     5152      18.90
  120     5154      18.84
  120     5156      18.77
  120     5158      18.69
  120     5160      18.59
  120     5162      18.47
  120     5164      18.33
  119     5156      17.33
  119     5158      17.58
  119     5160      17.78
  119     5162      17.97
  119     5164      18.14
  119     5166      18.29
  119     5168      18.42
  119     5170      18.54
  119     5172      18.65
  119     5174      18.75
  119     5176      18.83
  119     5178      18.88
  119     5180      18.94
  119     5182      18.98
  119     5184      19.01
  119     5186      19.04
  119     5188      19.04
  119     5190      19.04
  119     5192      19.01
  119     5194      18.97
  119     5196      18.92
  119     5198      18.86
  119     5200      18.76
  119     5202      18.69
  119     5204      18.56
  119     5206      18.47
  119     5208      18.36
  118     5200      17.37
  118     5202      17.63
  118     5204      17.78
  118     5206      18.00
  118     5208      18.18
  118     5210      18.33
  118     5212      18.45
  118     5214      18.58
  118     5216      18.69
  118     5218      18.77
  118     5220      18.85
  118     5222      18.91
  118     5224      18.97
  118     5226      19.00
  118     5228      19.04
  118     5230      19.07
  118     5232      19.08
  118     5234      19.06
  118     5236      19.04
  118     5238      19.00
  118     5240      18.96
  118     5242      18.90
  118     5244      18.83
  118     5246      18.74
  118     5248      18.64
  118     5250      18.54
  118     5252      18.42
  117     5246      17.59
  117     5248      17.81
  117     5250      18.00
  117     5252      18.16
  117     5254      18.31
  117     5256      18.44
  117     5258      18.56
  117     5260      18.67
  117     5262      18.77
  117     5264      18.85
  117     5266      18.91
  117     5268      18.97
  117     5270      19.01
  117     5272      19.05
  117     5274      19.09
  117     5276      19.08
  117     5278      19.09
  117     5280      19.07
  117     5282      19.04
  117     5284      19.01
  117     5286      18.95
  117     5288      18.89
  117     5290      18.82
  117     5292      18.72
  117     5294      18.64
  117     5296      18.51
  117     5298      18.40
  116     5292      17.67
  116     5294      17.86
  116     5296      18.03
  116     5298      18.19
  116     5300      18.34
  116     5302      18.46
  116     5304      18.57
  116     5306      18.68
  116     5308      18.77
  116     5310      18.85
  116     5312      18.92
  116     5314      18.96
  116     5316      19.01
  116     5318      19.05
  116     5320      19.10
  116     5322      19.09
  116     5324      19.07
  116     5326      19.07
  116     5328      19.05
  116     5330      18.99
  116     5332      18.94
  116     5334      18.88
  116     5336      18.82
  116     5338      18.73
  116     5340      18.63
  116     5342      18.53
  116     5344      18.41
  115     5338      17.62
  115     5340      17.81
  115     5342      17.97
  115     5344      18.15
  115     5346      18.28
  115     5348      18.41
  115     5350      18.54
  115     5352      18.64
  115     5354      18.73
  115     5356      18.81
  115     5358      18.87
  115     5360      18.93
  115     5362      18.99
  115     5364      19.03
  115     5366      19.05
  115     5368      19.06
  115     5370      19.07
  115     5372      19.05
  115     5374      19.02
  115     5376      19.00
  115     5378      18.96
  115     5380      18.89
  115     5382      18.83
  115     5384      18.75
  115     5386      18.66
  115     5388      18.56
  115     5390      18.45
  115     5392      18.32
  114     5384      17.48
  114     5386      17.68
  114     5388      17.86
  114     5390      18.02
  114     5392      18.18
  114     5394      18.31
  114     5396      18.43
  114     5398      18.54
  114     5400      18.63
  114     5402      18.71
  114     5404      18.76
  114     5406      18.81
  114     5408      18.80
  114     5410      18.72
  114     5412      18.66
  114     5414      18.86
  114     5416      18.95
  114     5418      18.98
  114     5420      18.99
  114     5422      18.98
  114     5424      18.95
  114     5426      18.91
  114     5428      18.85
  114     5430      18.79
  114     5432      18.72
  114     5434      18.63
  114     5436      18.52
  114     5438      18.42
  113     5432      17.47
  113     5434      17.66
  113     5436      17.83
  113     5438      17.99
  113     5440      18.14
  113     5442      18.27
  113     5444      18.40
  113     5446      18.51
  113     5448      18.61
  113     5450      18.69
  113     5452      18.77
  113     5454      18.84
  113     5456      18.89
  113     5458      18.93
  113     5460      18.98
  113     5462      19.00
  113     5464      19.00
  113     5466      19.01
  113     5468      18.99
  113     5470      18.98
  113     5472      18.95
  113     5474      18.91
  113     5476      18.86
  113     5478      18.79
  113     5480      18.72
  113     5482      18.63
  113     5484      18.55
  113     5486      18.43
  113     5488      18.33
  112     5482      17.57
  112     5484      17.75
  112     5486      17.91
  112     5488      18.05
  112     5490      18.20
  112     5492      18.33
  112     5494      18.44
  112     5496      18.55
  112     5498      18.64
  112     5500      18.71
  112     5502      18.79
  112     5504      18.85
  112     5506      18.90
  112     5508      18.95
  112     5510      18.98
  112     5512      18.99
  112     5514      19.00
  112     5516      18.99
  112     5518      18.97
  112     5520      18.96
  112     5522      18.93
  112     5524      18.88
  112     5526      18.83
  112     5528      18.76
  112     5530      18.70
  112     5532      18.61
  112     5534      18.52
  112     5536      18.41
  112     5538      18.30
  111     5532      17.59
  111     5534      17.78
  111     5536      17.94
  111     5538      18.07
  111     5540      18.21
  111     5542      18.34
  111     5544      18.45
  111     5546      18.56
  111     5548      18.64
  111     5550      18.71
  111     5552      18.78
  111     5554      18.85
  111     5556      18.91
  111     5558      18.95
  111     5560      18.97
  111     5562      18.99
  111     5564      19.00
  111     5566      18.99
  111     5568      18.99
  111     5570      18.96
  111     5572      18.94
  111     5574      18.89
  111     5576      18.84
  111     5578      18.79
  111     5580      18.71
  111     5582      18.63
  111     5584      18.54
  111     5586      18.45
  111     5588      18.34
  110     5582      17.55
  110     5584      17.75
  110     5586      17.90
  110     5588      18.05
  110     5590      18.17
  110     5592      18.30
  110     5594      18.42
  110     5596      18.52
  110     5598      18.62
  110     5600      18.69
  110     5602      18.77
  110     5604      18.84
  110     5606      18.89
  110     5608      18.94
  110     5610      18.97
  110     5612      18.99
  110     5614      19.00
  110     5616      19.01
  110     5618      19.00
  110     5620      18.99
  110     5622      18.96
  110     5624      18.93
  110     5626      18.88
  110     5628      18.84
  110     5630      18.77
  110     5632      18.70
  110     5634      18.62
  110     5636      18.52
  110     5638      18.43
  109     5634      17.62
  109     5636      17.80
  109     5638      17.96
  109     5640      18.09
  109     5642      18.23
  109     5644      18.34
  109     5646      18.45
  109     5648      18.56
  109     5650      18.64
  109     5652      18.72
  109     5654      18.79
  109     5656      18.86
  109     5658      18.92
  109     5660      18.96
  109     5662      18.99
  109     5664      19.01
  109     5666      19.02
  109     5668      19.03
  109     5670      19.01
  109     5672      19.01
  109     5674      18.98
  109     5676      18.94
  109     5678      18.90
  109     5680      18.85
  109     5682      18.79
  109     5684      18.72
  109     5686      18.64
  109     5688      18.55
  109     5690      18.45
  109     5692      18.35
  108     5686      17.60
  108     5688      17.77
  108     5690      17.92
  108     5692      18.06
  108     5694      18.19
  108     5696      18.32
  108     5698      18.42
  108     5700      18.52
  108     5702      18.61
  108     5704      18.69
  108     5706      18.76
  108     5708      18.85
  108     5710      18.90
  108     5712      18.94
  108     5714      18.98
  108     5716      19.00
  108     5718      19.01
  108     5720      19.01
  108     5722      19.01
  108     5724      19.00
  108     5726      18.99
  108     5728      18.96
  108     5730      18.92
  108     5732      18.88
  108     5734      18.82
  108     5736      18.77
  108     5738      18.69
  108     5740      18.60
  108     5742      18.52
  108     5744      18.42
  107     5740      17.64
  107     5742      17.81
  107     5744      17.96
  107     5746      18.09
  107     5748      18.23
  107     5750      18.34
  107     5752      18.44
  107     5754      18.54
  107     5756      18.62
  107     5758      18.69
  107     5760      18.78
  107     5762      18.85
  107     5764      18.90
  107     5766      18.95
  107     5768      18.97
  107     5770      18.99
  107     5772      19.00
  107     5774      19.00
  107     5776      19.00
  107     5778      18.99
  107     5780      18.98
  107     5782      18.95
  107     5784      18.91
  107     5786      18.88
  107     5788      18.82
  107     5790      18.76
  107     5792      18.69
  107     5794      18.61
  107     5796      18.53
  107     5798      18.43
  106     5796      17.76
  106     5798      17.93
  106     5800      18.04
  106     5802      18.17
  106     5804      18.29
  106     5806      18.41
  106     5808      18.50
  106     5810      18.58
  106     5812      18.65
  106     5814      18.74
  106     5816      18.81
  106     5818      18.87
  106     5820      18.90
  106     5822      18.94
  106     5824      18.97
  106     5826      18.98
  106     5828      18.99
  106     5830      19.00
  106     5832      18.99
  106     5834      18.97
  106     5836      18.95
  106     5838      18.92
  106     5840      18.89
  106     5842      18.84
  106     5844      18.78
  106     5846      18.71
  106     5848      18.64
  106     5850      18.57
  106     5852      18.48
  106     5854      18.38
  105     5850      17.61
  105     5852      17.78
  105     5854      17.91
  105     5856      18.05
  105     5858      18.19
  105     5860      18.28
  105     5862      18.39
  105     5864      18.49
  105     5866      18.56
  105     5868      18.64
  105     5870      18.72
  105     5872      18.78
  105     5874      18.77
  105     5876      18.57
  105     5878      18.88
  105     5880      18.93
  105     5882      18.93
  105     5884      18.93
  105     5886      18.93
  105     5888      18.92
  105     5890      18.91
  105     5892      18.75
  105     5894      18.85
  105     5896      18.83
  105     5898      18.71
  105     5900      18.72
  105     5902      18.65
  105     5904      18.58
  105     5906      18.52
  105     5908      18.43
  105     5910      18.33
  104     5908      17.66
  104     5910      17.80
  104     5912      17.93
  104     5914      18.07
  104     5916      18.18
  104     5918      18.28
  104     5920      18.35
  104     5922      18.45
  104     5924      18.52
  104     5926      18.60
  104     5928      18.70
  104     5930      18.74
  104     5932      18.77
  104     5934      18.80
  104     5936      18.84
  104     5938      18.85
  104     5940      18.86
  104     5942      18.85
  104     5944      18.84
  104     5946      18.85
  104     5948      18.81
  104     5950      18.81
  104     5952      18.77
  104     5954      18.75
  104     5956      18.69
  104     5958      18.64
  104     5960      18.57
  104     5962      18.51
  104     5964      18.42
  104     5966      18.34
  104     5968      18.24
  103     5966      17.62
  103     5968      17.74
  103     5970      17.86
  103     5972      18.00
  103     5974      18.10
  103     5976      18.21
  103     5978      18.30
  103     5980      18.38
  103     5982      18.46
  103     5984      18.56
  103     5986      18.61
  103     5988      18.65
  103     5990      18.68
  103     5992      18.73
  103     5994      18.74
  103     5996      18.77
  103     5998      18.78
  103     6000      18.79
  103     6002      18.79
  103     6004      18.77
  103     6006      18.76
  103     6008      18.74
  103     6010      18.71
  103     6012      18.67
  103     6014      18.63
  103     6016      18.57
  103     6018      18.52
  103     6020      18.45
  103     6022      18.37
  103     6024      18.30
  103     6026      18.20
  102     6024      17.47
  102     6026      17.62
  102     6028      17.73
  102     6030      17.86
  102     6032      17.98
  102     6034      18.07
  102     6036      18.17
  102     6038      18.26
  102     6040      18.34
  102     6042      18.43
  102     6044      18.50
  102     6046      18.55
  102     6048      18.58
  102     6050      18.62
  102     6052      18.64
  102     6054      18.68
  102     6056      18.69
  102     6058      18.70
  102     6060      18.70
  102     6062      18.70
  102     6064      18.69
  102     6066      18.67
  102     6068      18.65
  102     6070      18.60
  102     6072      18.58
  102     6074      18.52
  102     6076      18.48
  102     6078      18.41
  102     6080      18.35
  102     6082      18.28
  102     6084      18.20
  102     6086      18.11
  101     6084      17.39
  101     6086      17.53
  101     6088      17.63
  101     6090      17.78
  101     6092      17.89
  101     6094      17.99
  101     6096      18.08
  101     6098      18.18
  101     6100      18.25
  101     6102      18.34
  101     6104      18.40
  101     6106      18.45
  101     6108      18.48
  101     6110      18.52
  101     6112      18.55
  101     6114      18.57
  101     6116      18.59
  101     6118      18.59
  101     6120      18.61
  101     6122      18.60
  101     6124      18.60
  101     6126      18.59
  101     6128      18.57
  101     6130      18.54
  101     6132      18.51
  101     6134      18.47
  101     6136      18.42
  101     6138      18.37
  101     6140      18.31
  101     6142      18.23
  101     6144      18.16
  101     6146      18.08
  100     6146      17.37
  100     6148      17.50
  100     6150      17.62
  100     6152      17.74
  100     6154      17.86
  100     6156      17.95
  100     6158      18.04
  100     6160      18.12
  100     6162      18.21
  100     6164      18.27
  100     6166      18.32
  100     6168      18.37
  100     6170      18.40
  100     6172      18.44
  100     6174      18.47
  100     6176      18.50
  100     6178      18.52
  100     6180      18.53
  100     6182      18.55
  100     6184      18.54
  100     6186      18.54
  100     6188      18.52
  100     6190      18.50
  100     6192      18.48
  100     6194      18.45
  100     6196      18.40
  100     6198      18.36
  100     6200      18.31
  100     6202      18.25
  100     6204      18.18
  100     6206      18.10
  100     6208      18.03
   99     6210      17.41
   99     6212      17.53
   99     6214      17.65
   99     6216      17.77
   99     6218      17.85
   99     6220      17.97
   99     6222      18.03
   99     6224      18.12
   99     6226      18.18
   99     6228      18.23
   99     6230      18.28
   99     6232      18.30
   99     6234      18.35
   99     6236      18.38
   99     6238      18.41
   99     6240      18.43
   99     6242      18.46
   99     6244      18.45
   99     6246      18.46
   99     6248      18.46
   99     6250      18.44
   99     6252      18.43
   99     6254      18.40
   99     6256      18.38
   99     6258      18.34
   99     6260      18.30
   99     6262      18.25
   99     6264      18.21
   99     6266      18.15
   99     6268      18.09
   99     6270      18.02
   99     6272      17.94
   98     6274      17.36
   98     6276      17.48
   98     6278      17.57
   98     6280      17.60
   98     6282      17.77
   98     6284      17.88
   98     6286      17.97
   98     6288      18.06
   98     6290      18.11
   98     6292      18.16
   98     6294      18.18
   98     6296      18.22
   98     6298      18.25
   98     6300      18.27
   98     6302      18.30
   98     6304      18.29
   98     6306      18.32
   98     6308      18.29
   98     6310      18.30
   98     6312      18.28
   98     6314      18.28
   98     6316      18.28
   98     6318      18.26
   98     6320      18.23
   98     6322      18.21
   98     6324      18.17
   98     6326      18.12
   98     6328      18.10
   98     6330      18.09
   98     6332      18.04
   98     6334      17.98
   98     6336      17.91
   97     6338      17.22
   97     6340      17.36
   97     6342      17.47
   97     6344      17.58
   97     6346      17.69
   97     6348      17.78
   97     6350      17.86
   97     6352      17.93
   97     6354      17.98
   97     6356      18.01
   97     6358      18.06
   97     6360      18.10
   97     6362      18.12
   97     6364      18.15
   97     6366      18.17
   97     6368      18.19
   97     6370      18.19
   97     6372      18.20
   97     6374      18.20
   97     6376      18.20
   97     6378      18.19
   97     6380      18.10
   97     6382      18.11
   97     6384      18.13
   97     6386      18.10
   97     6388      18.07
   97     6390      18.03
   97     6392      17.98
   97     6394      17.97
   97     6396      17.98
   97     6398      17.95
   97     6400      17.90
   97     6402      17.80
   96     6406      17.19
   96     6408      17.31
   96     6410      17.43
   96     6412      17.54
   96     6414      17.63
   96     6416      17.71
   96     6418      17.78
   96     6420      17.83
   96     6422      17.85
   96     6424      17.88
   96     6426      17.93
   96     6428      17.95
   96     6430      17.99
   96     6432      18.00
   96     6434      18.01
   96     6436      18.01
   96     6438      18.02
   96     6440      18.03
   96     6442      18.04
   96     6444      18.02
   96     6446      18.01
   96     6448      17.99
   96     6450      17.97
   96     6452      17.95
   96     6454      17.93
   96     6456      17.89
   96     6458      17.85
   96     6460      17.80
   96     6462      17.83
   96     6464      17.86
   96     6466      17.86
   96     6468      17.80
   96     6470      17.72
   95     6474      17.11
   95     6476      17.22
   95     6478      17.30
   95     6480      17.42
   95     6482      17.49
   95     6484      17.59
   95     6486      17.60
   95     6488      17.64
   95     6490      17.67
   95     6492      17.69
   95     6494      17.71
   95     6496      17.75
   95     6498      17.75
   95     6500      17.77
   95     6502      17.78
   95     6504      17.77
   95     6506      17.77
   95     6508      17.77
   95     6510      17.76
   95     6512      17.76
   95     6514      17.74
   95     6516      17.70
   95     6518      17.67
   95     6520      17.68
   95     6522      17.65
   95     6524      17.62
   95     6526      17.56
   95     6528      17.53
   95     6530      17.56
   95     6532      17.66
   95     6534      17.69
   95     6536      17.69
   95     6538      17.63
   95     6540      17.55
   94     6542      16.84
   94     6544      16.89
   94     6546      16.93
   94     6548      16.99
   94     6550      17.00
   94     6552      17.06
   94     6554      17.03
   94     6556      16.98
   94     6558      16.86
   94     6560      16.71
   94     6562      16.70
   94     6564      16.75
   94     6566      16.89
   94     6568      16.96
   94     6570      16.98
   94     6572      17.00
   94     6574      16.98
   94     6576      16.98
   94     6578      16.99
   94     6580      17.00
   94     6582      16.98
   94     6584      16.98
   94     6586      17.00
   94     6588      16.99
   94     6590      16.99
   94     6592      17.01
   94     6594      17.00
   94     6596      17.01
   94     6598      16.99
   94     6600      17.05
   94     6602      17.20
   94     6604      17.32
   94     6606      17.38
   94     6608      17.38
   94     6610      17.35
